01485943000114
01826640746
02498762000195
02806940000106
02942624000153
03019415000103
03187893000114
03201165000110
03258771000171
03258789000173
03258789000254
04075470000175
04385981000193
04402318000150
04643102705
04649309000168
05270998000168
05477309776
05503119711
05656683000153
05770796000185
05770796000347
07279098789
07462155000199
07607473777
07668788000158
07668788000239
07668802000113
07780383000107
07780383000298
08278243000106
08560822000139
08978027000165
09066685000143
09292542000150
09347466727
10282784000141
10504927000112
10541057000151
10562003000687
10818652000191
10818652000272
10830056000127
10843103000177
10857452000148
10930622000172
11563892758
11712509000183
12302722000180
12573573000193
12573573000274
12657434000148
13104086702
13918541797
13923086000176
14061594000155
14061594000236
14061594000317
14411625000150
14668642000178
15120183000156
15862806000166
16096302000145
18135072000101
20068787000130
20209166000120
20600806000128
20600806000209
20783958000103
20783958000294
20783958000375
20783958000456
21237957000126
22036395000115
22236628000123
22519336000106
23476489000178
23698075000193
23698075000274
24544730000111
24576749000140
24705945000177
24721968000175
24743574000118
24996481000103
25132571000100
25156337000113
26040023000113
26480346000128
27114710000107
27129147000132
27594462000130
27817536000150
27849631000136
28030555000103
28395431000113
29375826000117
29604878000118
29696199000116
29805218000103
30041258000105
30556878000179
30579156000130
30624111000130
30687577000184
30738092000172
30744508000165
30745945000101
30749251000134
30864156000181
31045459000135
31178648000186
31184336000185
31195727000103
31205281000142
31319029000164
31319029000245
31319029000326
31319029000407
31319029000598
31689884000167
31937171000175
31985947000122
32122483000193
32295127000171
32507410000110
32507972000163
32519366000168
32676742000128
32712769000129
33387429000132
33485034000172
33496533000165
33523103000195
33699296000130
33796241000148
34023057000128
34750370000168
35792644000144
36198817000163
36237656000170
36264719000187
36512168000123
36547838000147
36686305000146
37362215000162
37376566000122
37377372000141
37568481000146
37595488000157
38413417000159
39193586000193
39198700000178
39324722000137
39776646000109
40837134000186
41078954000102
41408947000113
41557317000100
41598365000147
41753804000149
42772278000127
42772278000208
42874366000130
42896354000106
43028211000145
43170386000192
43608400000197
45163633000159
45440226000141
45931074000180
46363351000168
46831155000170
46946339000186
47240428000175
47623188000198
49145662000149
49147087000113
49147953000176
49720952000179
500126157800
500159211208
50671174000154
50705778000174
512107455100
512398210505
512437214907
512444564902
51287898000161
51336171000127
52489026000149
52534135000130
52974808000173
53068563000188
53214316000142
53214695000170
53731995000127
54306580000179
54696827000100
54942975000168
55494669000179
55959953000173
56022757000130
56134925000180
56384767000116
58246633000164
58935239000133
59108667000155
59109690000164
59468859000172
59589511000133
59759618000182
60221100000170
60797092000104
60887867000132
60891382000112
61000262000140
61059005549
61190983000160
61402492000136
61431991000151
62503770000104
800083286505
800181588306
800253255804
87885557715
88629899700
97520769000172
